Number of incidents per boroughs:
RICHMOND / STATEN ISLAND: 442956
BRONX: 1750115
BROOKLYN: 2464521
QUEENS: 1728765
MANHATTAN: 2305156

Number of incidents per 100000 inhabitants per boroughs:
RICHMOND / STATEN ISLAND: 89351.2214899939
BRONX: 118840.88183646668
BROOKLYN: 90075.08568847188
QUEENS: 71868.25493958754
MANHATTAN: 136056.56264700345
